Q2CV: 0.6911654156427843
Q2ext: 0.641519923315526
