Q2CV: 0.6601843173109798
Q2ext: 0.6925226551146899
